x, y, theta
0,-1,-3.14
-0.24,-0.99,-2.98
-0.48,-0.95,-2.82
-0.7,-0.89,-2.66
-0.9,-0.8,-2.5
-1.08,-0.69,-2.34
-1.23,-0.57,-2.17
-1.36,-0.43,-2.01
-1.44,-0.28,-1.85
-1.49,-0.12,-1.69
-1.5,0.04,-1.53
-1.47,0.2,-1.37
-1.4,0.35,-1.21
-1.3,0.5,-1.05
-1.16,0.63,-0.89
-0.99,0.75,-0.72
-0.8,0.85,-0.56
-0.59,0.92,-0.4
-0.36,0.97,-0.24
-0.12,1,-0.08
0.12,1,0.08
0.36,0.97,0.24
0.59,0.92,0.4
0.8,0.85,0.56
0.99,0.75,0.72
1.16,0.63,0.89
1.3,0.5,1.05
1.4,0.35,1.21
1.47,0.2,1.37
1.5,0.04,1.53
1.49,-0.12,1.69
1.44,-0.28,1.85
1.36,-0.43,2.01
1.23,-0.57,2.17
1.08,-0.69,2.34
0.9,-0.8,2.5
0.7,-0.89,2.66
0.48,-0.95,2.82
0.24,-0.99,2.98
0,-1,3.14